gpu=NVIDIA B200 cc=10.0 torch=2.7.1+cu128  shapes per dtype=112
 pct   SM   fp32   fp16   bf16  corrupted algorithm configs (algoId/tile/stages/customOption/clusterShape)
  11   16      0      0      0  
  12   16      0      0      0  
  13   18      0      0      0  
  14   20      0      0      0  
  15   22      0      0      0  
  16   22      0      0      0  
  17   24      0      0      0  
  18   26      0      0      0  
  19   28      0      0      0  
  20   28      0      0      0  
  21   30      0      0      0  
  22   32      0      0      0  
  23   34      0      0      0  
  24   34      0      0      0  
  25   36      0      0      0  
  26   38      0      0      0  
  27   38      0      0      0  
  28   40      0      0      0  
  29   42      0      0      0  
  30   44      0      0      0  
  31   44      0      0      0  
  32   46      0      0      0  
  33   48      0      0      0  
  34   50      0      0      0  
  35   50      0      0      0  
  36   52      0      0      0  
  37   54      0      0      0  
  38   56      0      0      0  
  39   56      0      0      0  
  40   58      0      0      0  
  41   60      0      0      0  
  42   62      0      0      0  
  43   62      0      0      0  
  44   64      0      0      0  
  45   66      0      0      0  
  46   68      0      0      0  
  47   68      0      0      0  
  48   70      0      0      0  
  49   72      0      0      0  
  50   74      0      0      0  
  51   74      0      0      0  
  52   76      0      0      0  
  53   78      0      0      0  
  54   78      0      0      0  
  55   80      0      0      0  
  56   82      0      0      0  
  57   84      0      0      0  
  58   84      0      0      0  
  59   86      0      0      0  
  60   88      0      0      0  
  61   90      0      0      0  
  62   90      0      0      0  
  63   92      0      0      0  
  64   94      0      0      0  
  65   96      0      0      0  
  66   96      0      0      0  
  67   98      0      0      0  
  68  100      0      0      0  
  69  102      0      0      0  
  70  102      0      0      0  
  71  104      0      0      0  
  72  106      0      0      0  
  73  108      0      0      0  
  74  108      0      0      0  
  75  110      0      0      0  
  76  112      0      0      0  
  77  112      0      0      0  
  78  114      0      0      0  
  79  116      0      0      0  
  80  118      0      0      0  
  81  118      0      0      0  
  82  120      0      0      0  
  83  122      0      0      0  
  84  124      0      0      0  
  85  124      0      0      0  
  86  126      0      0      0  
  87  128      0      0      0  
  88  130      0      0      0  
  89  130      0      0      0  
  90  132      0      0      0  
  91  134      0      0      0  
  92  136      0      0      0  
  93  136      0      0      0  
  94  138      0      0      0  
  95  140      0      0      0  
  96  142      0      0      0  
  97  142      0      0      0  
  98  144      0      0      0  
  99  146      0      0      0  
 100  148      0      0      0  

SM counts with corruption: []
SM counts clean          : [16, 18, 20, 22, 24, 26, 28, 30, 32, 34, 36, 38, 40, 42, 44, 46, 48, 50, 52, 54, 56, 58, 60, 62, 64, 66, 68, 70, 72, 74, 76, 78, 80, 82, 84, 86, 88, 90, 92, 94, 96, 98, 100, 102, 104, 106, 108, 110, 112, 114, 116, 118, 120, 122, 124, 126, 128, 130, 132, 134, 136, 138, 140, 142, 144, 146, 148]

per algorithm config (fp16+bf16):  config  ->  SM counts where it was used: ok / CORRUPT
  id66/64x8/64xAUTO/c1/1x1x1                   ok@SM=[16, 18, 20, 22, 24, 26, 28, 30, 32, 34, 36, 38, 40, 42, 44, 46, 48, 50, 52, 54, 56, 58, 60, 62, 64, 66, 68, 70, 72, 74, 76, 78, 80, 82, 84, 86, 88, 90, 92, 94, 96, 98, 100, 102, 104, 106, 108, 110, 112, 114, 116, 118, 120, 122, 124, 126, 128, 130, 132, 134, 136, 138, 140, 142, 144, 146, 148]  CORRUPT@SM=[]
  id66/64x8/64xAUTO/c1/2x1x1                   ok@SM=[16, 18, 20, 22, 24, 26, 28, 30]  CORRUPT@SM=[]
  id66/64x8/64xAUTO/c1/4x1x1                   ok@SM=[16, 18, 20, 22, 24, 26, 28, 30, 32, 34, 36, 38, 40, 42, 44, 46, 48, 50, 52, 54, 56, 58, 60, 62, 64, 66, 68, 70, 72, 74, 76, 78, 80, 82, 84, 86, 88, 90, 92, 94, 96, 98, 100, 102, 104, 106, 108, 110, 112, 114, 116, 118, 120, 122, 124, 126, 128, 130, 132, 134, 136, 138, 140, 142, 144, 146, 148]  CORRUPT@SM=[]
  id66/128x8/64xAUTO/c1/4x1x1                  ok@SM=[16, 18, 20, 22, 24, 26, 28, 30]  CORRUPT@SM=[]
  id66/32x64/64xAUTO/c-/4x1x1                  ok@SM=[16, 18, 20, 22, 24, 26, 28, 30, 32, 34, 36, 38, 40, 42, 44, 46, 48, 50, 52, 54, 56, 58, 60, 62, 64, 66, 68, 70, 72, 74, 76, 78, 80, 82, 84, 86, 88, 90, 92, 94, 96, 98, 100, 102, 104, 106, 108, 110, 112, 114, 116, 118, 120, 122, 124, 126, 128, 130, 132, 134, 136, 138, 140, 142, 144, 146, 148]  CORRUPT@SM=[]
  id66/64x8/64xAUTO/c3/1x2x1                   ok@SM=[16, 18, 20, 22, 24, 26, 28, 30, 32, 34, 36, 38, 40, 42, 44, 46, 48, 50, 52, 54, 56, 58, 60, 62, 64, 66, 68, 70, 72, 74, 76, 78, 80, 82, 84, 86, 88, 90, 92, 94, 96, 98, 100, 102, 104, 106, 108, 110, 112, 114, 116, 118, 120, 122, 124, 126, 128, 130, 132, 134, 136, 138, 140, 142, 144, 146, 148]  CORRUPT@SM=[]
  id66/64x8/64xAUTO/c1/2x2x1                   ok@SM=[16, 18, 20, 22, 24, 26, 28, 30, 32, 34, 36, 38, 40, 42, 44, 46, 48, 50, 52, 54, 56, 58, 60, 62, 64, 66, 68, 70, 72, 74, 76, 78, 80, 82, 84, 86, 88, 90, 92, 94, 96, 98, 100, 102, 104, 106, 108, 110, 112, 114, 116, 118, 120, 122, 124, 126, 128, 130, 132, 134, 136, 138, 140, 142, 144, 146, 148]  CORRUPT@SM=[]
  id66/64x16/64xAUTO/c1/2x1x1                  ok@SM=[16, 18, 32]  CORRUPT@SM=[]
  id66/128x16/64xAUTO/c1/2x1x1                 ok@SM=[16, 18, 20]  CORRUPT@SM=[]
  id66/64x8/64xAUTO/c3/1x4x1                   ok@SM=[16, 18, 20, 22, 24, 26, 28, 30, 32, 34, 36, 38, 40, 42, 44, 46, 48, 50, 52, 54, 56, 58, 60, 62, 64, 66, 68, 70, 72, 74, 76, 78, 80, 82, 84, 86, 88, 90, 92, 94, 96, 98, 100, 102, 104, 106, 108, 110, 112, 114, 116, 118, 120, 122, 124, 126, 128, 130, 132, 134, 136, 138, 140, 142, 144, 146, 148]  CORRUPT@SM=[]
  id66/64x8/64xAUTO/c1/2x4x1                   ok@SM=[16, 18, 20, 22, 24, 26, 28, 30, 32, 34, 36, 38, 40, 42, 44, 46, 48, 50, 52, 54, 56, 58, 60, 62, 64, 66, 68, 70, 72, 74, 76, 78, 80, 82, 84, 86, 88, 90, 92, 94, 96, 98, 100, 102, 104, 106, 108, 110, 112, 114, 116, 118, 120, 122, 124, 126, 128, 130, 132, 134, 136, 138, 140, 142, 144, 146, 148]  CORRUPT@SM=[]
  id66/128x32/64xAUTO/c1/2x2x1                 ok@SM=[16, 18, 20, 22, 32, 34, 36, 38, 40, 42, 44, 46, 48, 50, 52, 54, 56, 58, 60, 62]  CORRUPT@SM=[]
  id66/256x32/64xAUTO/c1/2x2x1                 ok@SM=[16, 18, 20]  CORRUPT@SM=[]
  id66/64x16/64xAUTO/c3/1x4x1                  ok@SM=[16, 18, 20, 22, 24, 26, 28, 30, 64, 66, 68, 70, 72, 74, 76, 78, 80, 82, 84, 86, 88, 90, 92, 94, 96, 98, 100, 102, 104, 106, 108, 110, 112, 114, 116, 118, 120, 122, 124, 126, 128, 130, 132, 138, 140, 142, 144, 146, 148]  CORRUPT@SM=[]
  id66/64x32/64xAUTO/c1/2x4x1                  ok@SM=[16, 18, 20, 22, 24, 64, 66, 68, 70, 72, 74, 76, 78, 80, 82, 84, 86, 128, 130]  CORRUPT@SM=[]
  id66/128x128/64xAUTO/c1/2x2x1                ok@SM=[16, 18, 20, 26, 32, 34, 36, 38, 40, 42, 132, 138, 140, 142, 144, 146, 148]  CORRUPT@SM=[]
  id66/256x128/64xAUTO/c5/2x2x1                ok@SM=[16, 18, 20, 26, 132, 138, 140, 142, 144, 146, 148]  CORRUPT@SM=[]
  id66/64x32/64xAUTO/c3/2x4x1                  ok@SM=[16, 18, 20, 22, 24, 26, 64, 66, 68, 70, 72, 74, 76, 78, 80, 82, 84, 86, 88, 90, 92, 94, 96, 98, 100, 102, 104, 106, 108, 110, 112, 114, 116, 118, 128, 130]  CORRUPT@SM=[]
  id66/32x64/64xAUTO/c2/1x2x1                  ok@SM=[16, 18, 20, 22, 24, 26, 32, 34, 36, 38, 40, 42, 44, 46, 48, 50, 52, 54, 56, 58, 60, 62]  CORRUPT@SM=[]
  id66/64x128/64xAUTO/c1/2x4x1                 ok@SM=[16, 18, 32, 34, 36]  CORRUPT@SM=[]
  id66/256x256/64xAUTO/c5/2x4x1                ok@SM=[16, 18, 32, 34, 36, 38, 64, 66, 68, 70, 72, 74, 76, 78]  CORRUPT@SM=[]
  id66/64x128/64xAUTO/c3/2x4x1                 ok@SM=[16, 18, 32, 34, 36]  CORRUPT@SM=[]
  id66/32x128/64xAUTO/c2/1x2x1                 ok@SM=[16, 18, 20, 22]  CORRUPT@SM=[]
  id66/64x256/64xAUTO/c1/2x4x1                 ok@SM=[16, 18]  CORRUPT@SM=[]
  id66/128x128/64xAUTO/c3/1x4x1                ok@SM=[16, 18]  CORRUPT@SM=[]
  id66/64x8/64xAUTO/c3/2x4x1                   ok@SM=[18, 20, 22, 24, 64, 66, 68, 70, 72, 74, 76, 78, 80, 82, 84, 86, 88, 90, 92, 94, 96, 98, 100, 102, 104, 106, 108, 110, 112, 114, 116, 118, 120, 122, 124, 126, 128, 130, 132, 134, 136, 138, 140, 142, 144, 146, 148]  CORRUPT@SM=[]
  id66/96x64/64xAUTO/c-/2x2x1                  ok@SM=[18, 30, 88, 90, 92, 94, 102, 118, 120]  CORRUPT@SM=[]
  id66/96x128/64xAUTO/c2/1x2x1                 ok@SM=[18, 22, 30, 60]  CORRUPT@SM=[]
  id66/256x96/64xAUTO/c5/2x1x1                 ok@SM=[18, 22, 24]  CORRUPT@SM=[]
  id66/256x96/64xAUTO/c5/2x2x1                 ok@SM=[18, 30, 36, 60, 62, 88, 90, 92, 94]  CORRUPT@SM=[]
  id66/256x192/64xAUTO/c5/2x1x1                ok@SM=[18, 22, 24, 30, 44, 46, 88, 90, 92, 94]  CORRUPT@SM=[]
  id66/128x8/64xAUTO/c1/4x2x1                  ok@SM=[20, 22, 24, 26, 28, 30, 34, 36, 38, 40, 42, 44, 46, 48, 50, 52, 54, 56, 58, 60, 62]  CORRUPT@SM=[]
  id66/448x16/64xAUTO/c3/1x4x1                 ok@SM=[20]  CORRUPT@SM=[]
  id66/224x64/64xAUTO/c2/1x2x1                 ok@SM=[20, 80, 82, 84, 86]  CORRUPT@SM=[]
  id66/448x64/64xAUTO/c7/1x4x1                 ok@SM=[20]  CORRUPT@SM=[]
  id66/64x112/64xAUTO/c1/2x2x1                 ok@SM=[20]  CORRUPT@SM=[]
  id66/224x128/64xAUTO/c6/1x2x1                ok@SM=[20, 40, 42]  CORRUPT@SM=[]
  id66/128x64/64xAUTO/c1/2x2x1                 ok@SM=[20, 38, 132, 138, 140, 142, 144, 146, 148]  CORRUPT@SM=[]
  id66/96x128/64xAUTO/c2/2x2x1                 ok@SM=[20, 30, 60, 62]  CORRUPT@SM=[]
  id66/64x112/64xAUTO/c3/2x2x1                 ok@SM=[20]  CORRUPT@SM=[]
  id66/64x224/64xAUTO/c1/2x2x1                 ok@SM=[20]  CORRUPT@SM=[]
  id66/128x448/64xAUTO/c5/2x1x1                ok@SM=[20, 40, 42, 80, 82, 84]  CORRUPT@SM=[]
  id66/64x224/64xAUTO/c3/2x2x1                 ok@SM=[20]  CORRUPT@SM=[]
  id66/192x8/64xAUTO/c3/1x2x1                  ok@SM=[22, 24]  CORRUPT@SM=[]
  id66/192x32/64xAUTO/c3/1x2x1                 ok@SM=[22]  CORRUPT@SM=[]
  id66/64x24/64xAUTO/c1/2x1x1                  ok@SM=[22, 86]  CORRUPT@SM=[]
  id66/64x96/64xAUTO/c1/2x1x1                  ok@SM=[22, 24]  CORRUPT@SM=[]
  id66/96x512/64xAUTO/c6/1x2x1                 ok@SM=[22]  CORRUPT@SM=[]
  id66/128x256/64xAUTO/c5/2x1x1                ok@SM=[22, 134, 136]  CORRUPT@SM=[]
  id66/64x192/64xAUTO/c1/2x1x1                 ok@SM=[22, 24]  CORRUPT@SM=[]
  id66/256x256/64xAUTO/c5/2x1x1                ok@SM=[22, 24]  CORRUPT@SM=[]
  id66/128x24/64xAUTO/c1/2x1x1                 ok@SM=[24]  CORRUPT@SM=[]
  id66/192x32/64xAUTO/c1/2x1x1                 ok@SM=[24]  CORRUPT@SM=[]
  id66/64x24/64xAUTO/c3/1x2x1                  ok@SM=[24, 86]  CORRUPT@SM=[]
  id66/128x96/64xAUTO/c1/2x1x1                 ok@SM=[24]  CORRUPT@SM=[]
  id66/192x128/64xAUTO/c5/2x1x1                ok@SM=[24]  CORRUPT@SM=[]
  id66/352x128/64xAUTO/c6/1x2x1                ok@SM=[24, 26, 48, 50]  CORRUPT@SM=[]
  id66/32x128/64xAUTO/c2/1x4x1                 ok@SM=[24, 26, 28]  CORRUPT@SM=[]
  id66/128x128/64xAUTO/c1/2x1x1                ok@SM=[24, 134, 136]  CORRUPT@SM=[]
  id66/128x384/64xAUTO/c5/2x1x1                ok@SM=[24]  CORRUPT@SM=[]
  id66/192x8/64xAUTO/c1/4x2x1                  ok@SM=[26, 28, 30]  CORRUPT@SM=[]
  id66/128x24/64xAUTO/c1/4x1x1                 ok@SM=[26, 28, 30, 48, 50, 52, 54, 56, 58, 60, 62, 88, 90, 92, 94]  CORRUPT@SM=[]
  id66/192x32/64xAUTO/c1/2x2x1                 ok@SM=[26, 28, 30]  CORRUPT@SM=[]
  id66/64x24/64xAUTO/c1/2x4x1                  ok@SM=[26, 28, 30, 88, 90, 92, 94, 96, 98, 100, 102, 104, 106, 108, 110, 112, 114, 116, 118, 120, 122, 124, 126]  CORRUPT@SM=[]
  id66/64x32/64xAUTO/c1/2x2x1                  ok@SM=[26, 32, 34, 36, 38, 40, 42, 44, 46, 48, 50, 52, 54, 56, 58, 60, 62, 64, 66, 68, 70, 72, 74, 76, 78, 80, 82, 84, 86, 88, 90, 92, 94, 96, 98, 100, 102, 104, 106, 108, 110, 112, 114, 116, 118, 120, 122, 124, 126, 132, 138, 140, 142, 144, 146, 148]  CORRUPT@SM=[]
  id66/160x128/64xAUTO/c2/1x2x1                ok@SM=[26, 56, 58, 60, 62]  CORRUPT@SM=[]
  id66/192x64/64xAUTO/c1/2x4x1                 ok@SM=[26]  CORRUPT@SM=[]
  id66/96x128/64xAUTO/c-/4x2x1                 ok@SM=[26, 48, 50, 96, 98, 100, 102]  CORRUPT@SM=[]
  id66/64x40/64xAUTO/c3/1x2x1                  ok@SM=[26]  CORRUPT@SM=[]
  id66/64x80/64xAUTO/c1/2x1x1                  ok@SM=[26]  CORRUPT@SM=[]
  id66/128x80/64xAUTO/c1/2x1x1                 ok@SM=[26, 30, 36, 42, 52, 54]  CORRUPT@SM=[]
  id66/128x128/64xAUTO/c3/2x2x1                ok@SM=[26, 132, 138, 140, 142, 144, 146, 148]  CORRUPT@SM=[]
  id66/64x80/64xAUTO/c3/1x2x1                  ok@SM=[26]  CORRUPT@SM=[]
  id66/64x160/64xAUTO/c1/2x1x1                 ok@SM=[26]  CORRUPT@SM=[]
  id66/128x160/64xAUTO/c1/2x1x1                ok@SM=[26, 28, 30, 36, 42, 52, 54, 56, 58, 70, 72]  CORRUPT@SM=[]
  id66/320x16/64xAUTO/c3/1x4x1                 ok@SM=[28, 30]  CORRUPT@SM=[]
  id66/160x64/64xAUTO/c2/1x2x1                 ok@SM=[28, 30, 52, 54]  CORRUPT@SM=[]
  id66/320x64/64xAUTO/c3/1x4x1                 ok@SM=[28]  CORRUPT@SM=[]
  id66/192x128/64xAUTO/c5/2x2x1                ok@SM=[28, 30]  CORRUPT@SM=[]
  id66/64x24/64xAUTO/c3/2x4x1                  ok@SM=[28, 30, 106, 108, 110, 112, 114, 116, 118, 120, 122, 124, 126]  CORRUPT@SM=[]
  id66/64x40/64xAUTO/c3/1x4x1                  ok@SM=[28, 30]  CORRUPT@SM=[]
  id66/64x80/64xAUTO/c1/2x2x1                  ok@SM=[28, 30, 52, 54]  CORRUPT@SM=[]
  id66/160x256/64xAUTO/c6/1x2x1                ok@SM=[28, 30]  CORRUPT@SM=[]
  id66/64x80/64xAUTO/c3/2x2x1                  ok@SM=[28, 30, 52, 54]  CORRUPT@SM=[]
  id66/64x80/64xAUTO/c3/1x4x1                  ok@SM=[28, 30]  CORRUPT@SM=[]
  id66/64x160/64xAUTO/c1/2x2x1                 ok@SM=[28, 30]  CORRUPT@SM=[]
  id66/128x320/64xAUTO/c5/2x1x1                ok@SM=[28, 56, 58, 60, 62, 112, 114, 116, 118, 120, 122, 124, 126]  CORRUPT@SM=[]
  id66/128x80/64xAUTO/c1/2x2x1                 ok@SM=[28, 30, 38, 42, 60, 62, 70, 72, 84, 122, 140]  CORRUPT@SM=[]
  id66/64x160/64xAUTO/c3/2x2x1                 ok@SM=[28, 30]  CORRUPT@SM=[]
  id66/96x64/64xAUTO/c2/2x2x1                  ok@SM=[30, 88, 90, 92, 94]  CORRUPT@SM=[]
  id66/256x96/64xAUTO/c7/2x2x1                 ok@SM=[30, 88, 90, 92, 94]  CORRUPT@SM=[]
  id66/64x8/64xAUTO/c1/4x2x1                   ok@SM=[32, 34, 36, 38, 40, 42, 44, 46, 48, 50, 52, 54, 56, 58, 60, 62, 64, 66, 68, 70, 72, 74, 76, 78, 80, 82, 84, 86, 88, 90, 92, 94, 96, 98, 100, 102, 104, 106, 108, 110, 112, 114, 116, 118, 120, 122, 124, 126, 128, 130, 132, 134, 136, 138, 140, 142, 144, 146, 148]  CORRUPT@SM=[]
  id66/64x16/64xAUTO/c1/2x4x1                  ok@SM=[32, 34, 36, 38, 40, 42, 44, 46, 48, 50, 52, 54, 56, 58, 60, 62, 64, 66, 68, 70, 72, 74, 76, 78, 80, 82, 84, 86, 88, 90, 92, 94, 96, 98, 100, 102, 104, 106, 108, 110, 112, 114, 116, 118, 120, 122, 124, 126, 128, 130]  CORRUPT@SM=[]
  id66/128x64/64xAUTO/c1/2x4x1                 ok@SM=[32, 34, 36, 38, 40, 42, 48, 52, 54, 58, 64, 66, 68, 70, 72, 74, 76, 78, 80, 82, 84, 86, 128, 130]  CORRUPT@SM=[]
  id66/64x16/64xAUTO/c3/2x4x1                  ok@SM=[32, 34, 36, 38, 40, 42, 44, 46, 48, 50, 52, 54, 56, 58, 60, 62, 128, 130]  CORRUPT@SM=[]
  id66/64x32/64xAUTO/c3/1x4x1                  ok@SM=[32, 34, 36, 38, 40, 42, 64, 66, 68, 70, 72, 74, 76, 78, 80, 82, 84]  CORRUPT@SM=[]
  id66/64x64/64xAUTO/c1/2x4x1                  ok@SM=[32, 34, 36, 38, 40, 42, 58, 64, 66, 68, 70, 72, 74, 76, 78, 80, 82, 84, 86, 88, 90, 92, 94, 114, 116, 128, 130]  CORRUPT@SM=[]
  id66/256x128/64xAUTO/c5/2x4x1                ok@SM=[32, 34, 36, 38, 64, 66, 68, 70, 72, 74, 76, 78, 128, 130]  CORRUPT@SM=[]
  id66/64x64/64xAUTO/c3/2x4x1                  ok@SM=[32, 34, 36, 38, 40, 42, 64, 66, 68, 70, 72, 74, 76, 78, 80, 82, 84]  CORRUPT@SM=[]
  id66/96x128/64xAUTO/c-/2x2x1                 ok@SM=[36, 44, 46, 60, 62, 118, 120]  CORRUPT@SM=[]
  id66/64x64/64xAUTO/c1/2x2x1                  ok@SM=[38, 132, 138, 140, 142, 144, 146, 148]  CORRUPT@SM=[]
  id66/64x112/64xAUTO/c1/2x1x1                 ok@SM=[38]  CORRUPT@SM=[]
  id66/224x64/64xAUTO/c-/2x2x1                 ok@SM=[40, 42]  CORRUPT@SM=[]
  id66/128x224/64xAUTO/c5/2x1x1                ok@SM=[40, 42, 80, 82, 84, 86]  CORRUPT@SM=[]
  id66/64x112/64xAUTO/c1/2x4x1                 ok@SM=[40, 42]  CORRUPT@SM=[]
  id66/64x112/64xAUTO/c3/2x4x1                 ok@SM=[40, 42]  CORRUPT@SM=[]
  id66/192x16/64xAUTO/c3/1x4x1                 ok@SM=[44, 46]  CORRUPT@SM=[]
  id66/96x64/64xAUTO/c2/1x2x1                  ok@SM=[44, 46, 60, 62, 118, 120]  CORRUPT@SM=[]
  id66/64x24/64xAUTO/c3/1x4x1                  ok@SM=[44, 46, 48, 50, 52, 54, 56, 58, 60, 62, 88, 90, 92, 94, 96, 98, 100, 102, 104, 106, 108, 110, 112, 114, 116, 118, 120, 122, 124, 126]  CORRUPT@SM=[]
  id66/64x48/64xAUTO/c1/2x2x1                  ok@SM=[44, 46, 96, 98, 100, 102, 104, 106, 108, 110, 112, 114, 116, 118, 120, 122, 124, 126]  CORRUPT@SM=[]
  id66/96x256/64xAUTO/c6/1x2x1                 ok@SM=[44, 46]  CORRUPT@SM=[]
  id66/128x128/64xAUTO/c1/2x4x1                ok@SM=[44, 46, 52, 54, 64, 66, 68, 70, 72, 74, 76, 78, 80, 82, 84, 86, 128, 130]  CORRUPT@SM=[]
  id66/64x48/64xAUTO/c3/2x2x1                  ok@SM=[44, 46]  CORRUPT@SM=[]
  id66/128x128/64xAUTO/c3/2x4x1                ok@SM=[44, 46, 86, 128, 130]  CORRUPT@SM=[]
  id66/64x96/64xAUTO/c1/2x2x1                  ok@SM=[44, 46]  CORRUPT@SM=[]
  id66/64x96/64xAUTO/c3/2x2x1                  ok@SM=[44, 46]  CORRUPT@SM=[]
  id66/64x24/64xAUTO/c1/4x1x1                  ok@SM=[48, 50, 52, 54, 56, 58, 60, 62, 96, 98, 100, 102, 104, 106, 108, 110, 112, 114, 116, 118, 120, 122, 124, 126]  CORRUPT@SM=[]
  id66/96x64/64xAUTO/c-/4x2x1                  ok@SM=[48, 50, 52, 54, 56, 58, 60, 62, 96, 98, 100, 102, 104, 106, 108, 110, 112, 114, 116, 118, 120, 122, 124, 126]  CORRUPT@SM=[]
  id66/96x64/64xAUTO/c2/4x2x1                  ok@SM=[48, 50, 52, 54, 56, 58, 60, 62, 96, 98, 100, 102, 110, 122]  CORRUPT@SM=[]
  id66/64x48/64xAUTO/c1/2x4x1                  ok@SM=[48, 50, 52, 54, 56, 58, 60, 62, 88, 90, 92, 94, 96, 98, 100, 102, 104, 106, 108, 110, 112, 114, 116, 118, 120, 122]  CORRUPT@SM=[]
  id66/352x64/64xAUTO/c2/1x2x1                 ok@SM=[48, 50, 96, 98, 100, 102]  CORRUPT@SM=[]
  id66/256x192/64xAUTO/c5/2x2x1                ok@SM=[48, 50, 54]  CORRUPT@SM=[]
  id66/192x128/64xAUTO/c5/2x4x1                ok@SM=[48, 50, 52, 54, 96, 98, 100, 102]  CORRUPT@SM=[]
  id66/64x48/64xAUTO/c3/2x4x1                  ok@SM=[48, 50, 52, 54, 56, 58, 60, 62, 88, 90, 92, 94, 96, 98, 100, 102, 104, 106, 108, 110, 112, 114, 116, 118, 120, 122, 124, 126]  CORRUPT@SM=[]
  id66/192x256/64xAUTO/c5/2x4x1                ok@SM=[48, 50, 52, 54]  CORRUPT@SM=[]
  id66/64x96/64xAUTO/c1/2x4x1                  ok@SM=[48, 50]  CORRUPT@SM=[]
  id66/256x192/64xAUTO/c5/2x4x1                ok@SM=[48, 50, 96, 98, 100, 102, 104, 106, 108, 110]  CORRUPT@SM=[]
  id66/64x96/64xAUTO/c3/2x4x1                  ok@SM=[48, 50]  CORRUPT@SM=[]
  id66/384x128/64xAUTO/c5/2x4x1                ok@SM=[50, 96, 98, 100]  CORRUPT@SM=[]
  id66/64x40/64xAUTO/c1/2x2x1                  ok@SM=[52, 54]  CORRUPT@SM=[]
  id66/128x64/64xAUTO/c3/2x4x1                 ok@SM=[52]  CORRUPT@SM=[]
  id66/128x40/64xAUTO/c1/4x1x1                 ok@SM=[56, 58, 60, 62, 112, 114, 116, 118, 120, 122, 124, 126]  CORRUPT@SM=[]
  id66/160x64/64xAUTO/c-/2x2x1                 ok@SM=[56, 58, 60, 62]  CORRUPT@SM=[]
  id66/160x64/64xAUTO/c2/2x2x1                 ok@SM=[56, 58, 60, 62]  CORRUPT@SM=[]
  id66/64x40/64xAUTO/c1/2x4x1                  ok@SM=[56, 58, 60, 62, 104, 106, 108, 110, 112, 114, 116, 118, 120, 122, 124, 126]  CORRUPT@SM=[]
  id66/64x80/64xAUTO/c1/2x4x1                  ok@SM=[56, 58, 60, 62]  CORRUPT@SM=[]
  id66/64x80/64xAUTO/c3/2x4x1                  ok@SM=[56, 58, 60, 62]  CORRUPT@SM=[]
  id66/96x128/64xAUTO/c2/1x4x1                 ok@SM=[62, 88, 90, 92, 94]  CORRUPT@SM=[]
  id66/128x80/64xAUTO/c1/4x1x1                 ok@SM=[70, 72, 104, 106, 108, 110]  CORRUPT@SM=[]
  id66/192x160/64xAUTO/c5/1x1x1                ok@SM=[78, 144, 146, 148]  CORRUPT@SM=[]
  id66/128x224/64xAUTO/c5/2x2x1                ok@SM=[80, 82, 84, 86]  CORRUPT@SM=[]
  id66/128x224/64xAUTO/c7/2x2x1                ok@SM=[80, 82, 84, 86]  CORRUPT@SM=[]
  id66/64x48/64xAUTO/c1/2x1x1                  ok@SM=[86]  CORRUPT@SM=[]
  id66/256x96/64xAUTO/c5/4x1x1                 ok@SM=[88, 90, 92, 94]  CORRUPT@SM=[]
  id66/128x192/64xAUTO/c5/2x2x1                ok@SM=[96, 98, 100, 102]  CORRUPT@SM=[]
  id66/96x128/64xAUTO/c2/4x2x1                 ok@SM=[96, 98, 100, 102]  CORRUPT@SM=[]
  id66/160x128/64xAUTO/c2/1x4x1                ok@SM=[104, 106, 108, 110, 112, 114, 116]  CORRUPT@SM=[]
  id66/128x160/64xAUTO/c1/4x1x1                ok@SM=[104, 106, 108, 110, 112, 114, 116, 118, 120, 122, 124, 126]  CORRUPT@SM=[]
  id66/64x40/64xAUTO/c1/4x1x1                  ok@SM=[112, 114, 116, 118, 120, 122, 124, 126]  CORRUPT@SM=[]
  id66/128x80/64xAUTO/c1/4x2x1                 ok@SM=[112, 114, 116, 118, 120, 124, 126]  CORRUPT@SM=[]
  id66/128x80/64xAUTO/c3/4x2x1                 ok@SM=[112, 114, 116, 118, 120, 124, 126]  CORRUPT@SM=[]
  id66/128x160/64xAUTO/c1/2x2x1                ok@SM=[112, 114, 116, 118, 120, 122, 124, 126]  CORRUPT@SM=[]
  id66/128x160/64xAUTO/c3/2x2x1                ok@SM=[112, 114, 116, 118, 120, 122, 124, 126]  CORRUPT@SM=[]
  id66/192x96/64xAUTO/c1/1x1x1                 ok@SM=[122, 124, 126]  CORRUPT@SM=[]
  id66/128x80/64xAUTO/c3/2x2x1                 ok@SM=[122]  CORRUPT@SM=[]
  id66/96x192/64xAUTO/c-/1x1x1                 ok@SM=[122, 124, 126]  CORRUPT@SM=[]
  id66/192x192/64xAUTO/c5/1x1x1                ok@SM=[122, 124, 126]  CORRUPT@SM=[]
  id66/128x320/64xAUTO/c5/4x1x1                ok@SM=[124, 126]  CORRUPT@SM=[]
  id66/64x16/64xAUTO/c1/2x2x1                  ok@SM=[132, 138, 140, 142, 144, 146, 148]  CORRUPT@SM=[]
  id66/64x16/64xAUTO/c3/2x2x1                  ok@SM=[132, 138, 140, 142, 144, 146, 148]  CORRUPT@SM=[]
  id66/64x32/64xAUTO/c3/2x2x1                  ok@SM=[132, 138, 140, 142, 144, 146, 148]  CORRUPT@SM=[]
  id66/64x64/64xAUTO/c3/2x2x1                  ok@SM=[132, 138, 140, 142, 144, 146, 148]  CORRUPT@SM=[]
  id66/128x64/64xAUTO/c3/2x2x1                 ok@SM=[132, 138, 140, 142, 144, 146, 148]  CORRUPT@SM=[]
  id66/256x128/64xAUTO/c7/2x2x1                ok@SM=[132, 138, 140, 142, 144, 146, 148]  CORRUPT@SM=[]
  id66/64x16/64xAUTO/c3/1x2x1                  ok@SM=[134, 136]  CORRUPT@SM=[]
  id66/64x32/64xAUTO/c1/2x1x1                  ok@SM=[134, 136]  CORRUPT@SM=[]
  id66/64x64/64xAUTO/c1/2x1x1                  ok@SM=[134, 136]  CORRUPT@SM=[]
  id66/64x128/64xAUTO/c1/2x1x1                 ok@SM=[134, 136]  CORRUPT@SM=[]
