gpu=NVIDIA B200 cc=10.0 torch=2.14.1+cu130  shapes per dtype=112
 pct   SM   fp32   fp16   bf16  corrupted algorithm configs (algoId/tile/stages/customOption/clusterShape)
   1    8      0      0      0  
   2    8      0      0      0  
   3    8      0      0      0  
   4    8      0      0      0  
   5    8      0      0      0  
   6    8      0      0      0  
   7   10      0      0      0  
   8   10      0      0      0  
   9   12      0      0      0  
  10   14      0      0      0  
  11   16      0      0      0  
  12   16      0      0      0  
  13   18      0      0      0  
  14   20      0      0      0  
  15   22      0      0      0  
  16   22      0      0      0  
  17   24      0      0      0  
  18   26      0      0      0  
  19   28      0      0      0  
  20   28      0      0      0  
  21   30      0      0      0  
  22   32      0      0      0  
  23   34      0      0      0  
  24   34      0      0      0  
  25   36      0      0      0  
  26   38      0      0      0  
  27   38      0      0      0  
  28   40      0      0      0  
  29   42      0      0      0  
  30   44      0      0      0  
  31   44      0      0      0  
  32   46      0      0      0  
  33   48      0      0      0  
  34   50      0      0      0  
  35   50      0      0      0  
  36   52      0      0      0  
  37   54      0      0      0  
  38   56      0      0      0  
  39   56      0      0      0  
  40   58      0      0      0  
  41   60      0      0      0  
  42   62      0      0      0  
  43   62      0      0      0  
  44   64      0      0      0  
  45   66      0      0      0  
  46   68      0      0      0  
  47   68      0      0      0  
  48   70      0      0      0  
  49   72      0      0      0  
  50   74      0      0      0  
  51   74      0      0      0  
  52   76      0      0      0  
  53   78      0      0      0  
  54   78      0      0      0  
  55   80      0      0      0  
  56   82      0      0      0  
  57   84      0      0      0  
  58   84      0      0      0  
  59   86      0      0      0  
  60   88      0      0      0  
  61   90      0      0      0  
  62   90      0      0      0  
  63   92      0      0      0  
  64   94      0      0      0  
  65   96      0      0      0  
  66   96      0      0      0  
  67   98      0      0      0  
  68  100      0      0      0  
  69  102      0      0      0  
  70  102      0      0      0  
  71  104      0      0      0  
  72  106      0      0      0  
  73  108      0      0      0  
  74  108      0      0      0  
  75  110      0      0      0  
  76  112      0      0      0  
  77  112      0      0      0  
  78  114      0      0      0  
  79  116      0      0      0  
  80  118      0      0      0  
  81  118      0      0      0  
  82  120      0      0      0  
  83  122      0      0      0  
  84  124      0      0      0  
  85  124      0      0      0  
  86  126      0      0      0  
  87  128      0      0      0  
  88  130      0      0      0  
  89  130      0      0      0  
  90  132      0      0      0  
  91  134      0      0      0  
  92  136      0      0      0  
  93  136      0      0      0  
  94  138      0      0      0  
  95  140      0      0      0  
  96  142      0      0      0  
  97  142      0      0      0  
  98  144      0      0      0  
  99  146      0      0      0  
 100  148      0      0      0  

SM counts with corruption: []
SM counts clean          : [8, 10, 12, 14, 16, 18, 20, 22, 24, 26, 28, 30, 32, 34, 36, 38, 40, 42, 44, 46, 48, 50, 52, 54, 56, 58, 60, 62, 64, 66, 68, 70, 72, 74, 76, 78, 80, 82, 84, 86, 88, 90, 92, 94, 96, 98, 100, 102, 104, 106, 108, 110, 112, 114, 116, 118, 120, 122, 124, 126, 128, 130, 132, 134, 136, 138, 140, 142, 144, 146, 148]

per algorithm config (fp16+bf16):  config  ->  SM counts where it was used: ok / CORRUPT
  id66/64x8/64xAUTO/c1/2x1x1                   ok@SM=[8, 10, 16, 18]  CORRUPT@SM=[]
  id66/32x64/64xAUTO/c2/4x2x1                  ok@SM=[8, 10, 12, 16, 18, 20, 22, 24, 26, 28, 30, 64, 66, 68, 70, 72, 74, 76, 78, 80, 82, 84, 86, 88, 90, 128, 130]  CORRUPT@SM=[]
  id66/128x8/64xAUTO/c1/4x1x1                  ok@SM=[8, 10, 12, 14, 16, 18, 20, 22, 24, 26, 28, 30]  CORRUPT@SM=[]
  id66/256x8/64xAUTO/c1/4x1x1                  ok@SM=[8, 10]  CORRUPT@SM=[]
  id66/64x16/64xAUTO/c1/2x1x1                  ok@SM=[8, 10, 12, 14, 16, 18, 20, 22, 24, 26, 28, 30, 32, 34, 36, 38, 40, 42, 44, 46, 48, 50, 52, 54, 56, 58, 60, 62, 64, 66, 68, 70, 72, 74, 76, 78, 80, 82, 84, 86, 88, 90, 92, 94, 96, 98, 100, 102, 104, 106, 108, 110, 112, 114, 116, 118, 120, 122, 124, 134, 136]  CORRUPT@SM=[]
  id21/32x32/64x2/c-/-                         ok@SM=[8, 10, 12, 14, 16, 18, 20, 22, 24, 26, 28, 30, 32, 34, 36, 38, 40, 42, 44, 46, 48, 50, 52, 54, 56, 58, 60, 62, 64, 66, 68, 70, 72, 74, 76, 78, 80, 82, 84, 86, 88, 90, 92, 94, 96, 98, 100, 102, 104, 106, 108, 110, 112, 114, 116, 118, 120, 122, 124, 126, 128, 130, 132, 134, 136, 138, 140, 142, 144, 146, 148]  CORRUPT@SM=[]
  id23/16x16/64x1/c-/-                         ok@SM=[8, 10, 12, 14, 16, 18, 20, 22, 24, 26, 28, 30, 32, 34, 36, 38, 40, 42, 44, 46, 48, 50, 52, 54, 56, 58, 60, 62, 64, 66, 68, 70, 72, 74, 76, 78, 80, 82, 84, 86, 88, 90, 92, 94, 96, 98, 100, 102, 104, 106, 108, 110, 112, 114, 116, 118, 120, 122, 124, 126, 128, 130, 132, 134, 136, 138, 140, 142, 144, 146, 148]  CORRUPT@SM=[]
  id23/32x32/64x1/c-/-                         ok@SM=[8, 10, 12, 14, 16, 18, 20, 22, 24, 26, 28, 30, 32, 34, 36, 38, 40, 42, 44, 46, 48, 50, 52, 54, 56, 58, 60, 62, 64, 66, 68, 70, 72, 74, 76, 78, 80, 82, 84, 86, 88, 90, 92, 94, 96, 98, 100, 102, 104, 106, 108, 110, 112, 114, 116, 118, 120, 122, 124, 126, 128, 130, 132, 134, 136, 138, 140, 142, 144, 146, 148]  CORRUPT@SM=[]
  id21/32x32/64x1/c-/-                         ok@SM=[8, 10, 12, 14, 16, 18, 20, 22, 24, 26, 28, 30, 32, 34, 36, 38, 40, 42, 44, 46, 48, 50, 52, 54, 56, 58, 60, 62, 64, 66, 68, 70, 72, 74, 76, 78, 80, 82, 84, 86, 88, 90, 92, 94, 96, 98, 100, 102, 104, 106, 108, 110, 112, 114, 116, 118]  CORRUPT@SM=[]
  id21/64x64/64x6/c-/-                         ok@SM=[8, 10, 12, 14, 16, 18, 20, 22, 24, 26, 28, 30, 32, 34, 36, 38, 40, 42, 44, 46, 48, 50, 52, 54, 56, 58, 60, 62, 64, 66, 68, 70, 72, 74, 76, 78, 80, 82, 84, 86, 88, 90, 92, 94, 96, 98, 100, 102, 104, 106, 108, 110, 112, 114, 116, 118, 120, 122, 124, 126, 128, 130, 132, 134, 136, 138, 140, 142, 144, 146, 148]  CORRUPT@SM=[]
  id21/64x64/32x10/c-/-                        ok@SM=[8, 10, 12, 14, 16, 18, 20, 22, 24, 26, 28, 30, 32, 34, 36, 38, 40, 42, 44, 46, 48, 50, 52, 54, 56, 58, 60, 62, 64, 66, 68, 70, 72, 74, 76, 78, 80, 82, 84, 86, 88, 90, 92, 94, 96, 98, 100, 102, 104, 106, 108, 110, 112, 114, 116, 118, 120, 122, 124, 126, 128, 130, 132, 134, 136, 138, 140, 142, 144, 146, 148]  CORRUPT@SM=[]
  id23/32x32/32x1/c-/-                         ok@SM=[8, 10, 12, 14, 16, 18, 20, 22, 24, 26, 28, 30, 32, 34, 36, 38, 40, 42, 44, 46, 48, 50, 52, 54, 56, 58, 60, 62, 64, 66, 68, 70, 72, 74, 76, 78, 80, 82, 84, 86, 88, 90, 92, 94, 96, 98, 100, 102, 104, 106, 108, 110, 112, 114, 116, 118, 120, 122, 124, 126, 128, 130, 132, 134, 136, 138, 140, 142, 144, 146, 148]  CORRUPT@SM=[]
  id66/256x16/64xAUTO/c1/2x1x1                 ok@SM=[8, 10]  CORRUPT@SM=[]
  id66/128x16/64xAUTO/c1/2x1x1                 ok@SM=[8, 10, 12, 14, 16, 18, 20, 22, 24, 26, 28, 30, 32, 34, 36, 38, 40, 42, 44, 46, 48, 50, 52, 54, 56]  CORRUPT@SM=[]
  id66/64x8/64xAUTO/c3/2x4x1                   ok@SM=[8, 10, 16, 18, 20, 22, 24, 26, 28, 30, 32, 34, 36, 38, 40, 42, 44, 46, 48, 50, 52, 54, 56, 58, 60, 62, 64, 66, 68, 70, 72, 74, 76, 78, 80, 82, 84, 86, 88, 90, 92, 94, 96, 98, 100, 102, 104, 106, 108, 110, 112, 114, 116, 118, 120, 122, 124, 126, 128, 130, 132, 134, 136, 138, 140, 142, 144, 146, 148]  CORRUPT@SM=[]
  id66/64x8/64xAUTO/c3/1x4x1                   ok@SM=[8, 10, 12, 14, 26, 28, 30, 32, 34, 36, 38, 40, 42, 44, 46, 48, 50, 52, 54, 56, 58, 60, 62, 64, 66, 68, 70, 72, 74, 76, 78, 80, 82, 84, 86, 88, 90, 92, 94, 96, 98, 100, 102, 104, 106, 108, 110, 112, 114, 116, 118, 120, 122, 124, 126, 128, 130, 132, 134, 136, 138, 140, 142, 144, 146, 148]  CORRUPT@SM=[]
  id66/64x16/64xAUTO/c3/2x4x1                  ok@SM=[8, 10, 12, 14, 32, 34, 36, 38, 40, 42, 44, 46, 48, 50, 52, 54, 56, 58, 60, 62, 64, 66, 68, 70, 72, 74, 76, 78, 80, 82, 84, 86, 88, 90, 92, 94, 96, 98, 100, 102, 104, 106, 108, 110, 112, 114, 116, 118, 120, 122, 124, 126, 128, 130]  CORRUPT@SM=[]
  id66/256x32/64xAUTO/c3/2x2x1                 ok@SM=[8, 10, 16, 18, 20, 22, 24]  CORRUPT@SM=[]
  id66/512x32/64xAUTO/c3/2x2x1                 ok@SM=[8, 10]  CORRUPT@SM=[]
  id66/128x64/64xAUTO/c1/2x1x1                 ok@SM=[8, 10, 12, 14, 16, 18, 20, 22, 24, 26, 28, 30, 32, 34, 36, 38, 40, 42, 44]  CORRUPT@SM=[]
  id66/32x64/64xAUTO/c2/1x2x1                  ok@SM=[8, 10, 12, 14, 16, 18, 20, 22, 24, 26, 28, 30, 32, 34, 36, 38, 40, 42, 44, 46, 48, 50, 52, 54, 56, 58, 60, 62, 64, 66, 68, 70, 72, 74, 76, 134, 136]  CORRUPT@SM=[]
  id66/64x32/64xAUTO/c3/2x2x1                  ok@SM=[8, 10, 12, 14, 16, 18, 20, 22, 24, 26, 28, 30, 32, 34, 36, 38, 40, 42, 44, 46, 48, 50, 52, 54, 56, 58, 60, 62, 64, 66, 68, 70, 72, 74, 76, 78, 80, 82, 84, 86, 88, 90, 92, 94, 96, 98, 100, 102, 104, 106, 108, 110, 112, 114, 116, 118, 120, 122, 124, 126, 128, 130, 132, 134, 136, 138, 140, 142, 144, 146, 148]  CORRUPT@SM=[]
  id66/256x64/64xAUTO/c1/2x1x1                 ok@SM=[8, 10]  CORRUPT@SM=[]
  id66/32x128/64xAUTO/c2/4x2x1                 ok@SM=[8, 64, 66, 68, 70, 72, 74]  CORRUPT@SM=[]
  id66/256x128/64xAUTO/c1/2x1x1                ok@SM=[8, 16, 18, 20, 32]  CORRUPT@SM=[]
  id66/512x128/64xAUTO/c1/2x1x1                ok@SM=[8, 16, 32, 34]  CORRUPT@SM=[]
  id66/64x64/64xAUTO/c3/2x2x1                  ok@SM=[8, 10, 32, 34, 116, 132, 138, 140, 142, 144, 146, 148]  CORRUPT@SM=[]
  id66/128x32/64xAUTO/c3/1x4x1                 ok@SM=[8, 10, 12, 28, 32, 34, 36, 38, 40, 42, 44, 46, 48]  CORRUPT@SM=[]
  id66/32x128/64xAUTO/c2/1x2x1                 ok@SM=[8, 10, 12, 14, 16, 18, 20, 22, 24, 26, 28, 30]  CORRUPT@SM=[]
  id66/128x128/64xAUTO/c3/1x2x1                ok@SM=[8, 10, 16, 18, 20]  CORRUPT@SM=[]
  id66/128x512/64xAUTO/c1/2x1x1                ok@SM=[8, 16, 32, 34, 64, 66, 68]  CORRUPT@SM=[]
  id66/128x256/64xAUTO/c1/2x1x1                ok@SM=[8, 10, 12, 16, 32, 34, 64, 66, 68, 70, 72, 74, 76, 78, 84, 86, 134, 136]  CORRUPT@SM=[]
  id66/32x256/64xAUTO/c2/1x2x1                 ok@SM=[8, 10]  CORRUPT@SM=[]
  id66/64x512/64xAUTO/c1/2x1x1                 ok@SM=[8]  CORRUPT@SM=[]
  id66/128x256/64xAUTO/c3/1x2x1                ok@SM=[8]  CORRUPT@SM=[]
  id66/128x8/64xAUTO/c1/2x1x1                  ok@SM=[10, 14]  CORRUPT@SM=[]
  id66/64x32/64xAUTO/c3/1x2x1                  ok@SM=[10, 20, 22, 24, 26, 28, 30, 32, 34, 36, 38, 40, 42, 44, 46, 48, 50, 52, 54, 56, 58, 60, 62, 64, 66, 68, 70, 72, 74, 76, 78, 80, 82, 84, 86, 88, 90, 92, 94, 96, 98, 100, 102, 104, 106, 108, 110, 112, 114, 116, 118, 120, 122, 124, 126, 128, 130, 132, 134, 136, 138, 140, 142, 144, 146, 148]  CORRUPT@SM=[]
  id66/224x128/64xAUTO/c2/1x2x1                ok@SM=[10, 20, 40, 42, 80, 82, 84, 86]  CORRUPT@SM=[]
  id66/448x128/64xAUTO/c3/1x2x1                ok@SM=[10, 40, 80, 82]  CORRUPT@SM=[]
  id66/128x96/64xAUTO/c1/2x1x1                 ok@SM=[10, 24, 26, 28, 30, 48, 50, 52]  CORRUPT@SM=[]
  id66/96x128/64xAUTO/c2/1x2x1                 ok@SM=[10, 14, 18, 20, 22, 24, 30, 36, 40, 44, 46, 60, 62, 118]  CORRUPT@SM=[]
  id66/128x128/64xAUTO/c1/2x1x1                ok@SM=[10, 12, 16, 18, 20, 24, 26, 32, 34, 36, 38, 40, 42, 86, 134, 136]  CORRUPT@SM=[]
  id66/128x80/64xAUTO/c3/1x2x1                 ok@SM=[10, 14, 26, 28, 30]  CORRUPT@SM=[]
  id66/64x8/64xAUTO/c3/1x1x1                   ok@SM=[12, 14, 16, 18, 20, 22, 24, 26, 28, 30, 32, 34, 36, 38, 40, 42, 44, 46, 48, 50, 52, 54, 56, 58, 60, 62, 64, 66, 68, 70, 72, 74, 76, 78, 80, 82, 84, 86, 88, 90, 92, 94, 96, 98, 100, 102, 104, 106, 108, 110, 112, 114, 116, 118, 120, 122, 124, 126, 128, 130, 132, 134, 136, 138, 140, 142, 144, 146, 148]  CORRUPT@SM=[]
  id66/192x8/64xAUTO/c1/4x1x1                  ok@SM=[12, 14]  CORRUPT@SM=[]
  id66/192x16/64xAUTO/c1/2x1x1                 ok@SM=[12, 14]  CORRUPT@SM=[]
  id66/64x8/64xAUTO/c3/4x2x1                   ok@SM=[12, 14, 16, 18, 32, 34, 36, 38, 40, 42, 44, 46, 48, 50, 52, 54, 56, 58, 60, 62, 64, 66, 68, 70, 72, 74, 76, 78, 80, 82, 84, 86, 88, 90, 92, 94, 96, 98, 100, 102, 104, 106, 108, 110, 112, 114, 116, 118, 120, 122, 124, 126, 128, 130, 132, 134, 136, 138, 140, 142, 144, 146, 148]  CORRUPT@SM=[]
  id66/192x32/64xAUTO/c3/2x2x1                 ok@SM=[12, 14, 26, 28, 30]  CORRUPT@SM=[]
  id66/384x32/64xAUTO/c3/2x2x1                 ok@SM=[12, 14]  CORRUPT@SM=[]
  id66/192x64/64xAUTO/c1/2x1x1                 ok@SM=[12, 14, 30]  CORRUPT@SM=[]
  id66/64x24/64xAUTO/c3/1x4x1                  ok@SM=[12, 14, 44, 46, 48, 50, 52, 54, 56, 58, 60, 62, 88, 90, 92, 94, 96, 98, 100, 102, 104, 106, 108, 110, 112, 114, 116, 118, 120, 122, 124, 126]  CORRUPT@SM=[]
  id66/64x48/64xAUTO/c3/2x2x1                  ok@SM=[12, 14, 44, 46, 96, 98, 100, 102, 104, 106, 108, 110, 112, 114, 116, 118, 120, 122, 124, 126]  CORRUPT@SM=[]
  id66/256x96/64xAUTO/c1/2x1x1                 ok@SM=[12, 18, 22, 24, 28, 30, 44, 46]  CORRUPT@SM=[]
  id66/384x128/64xAUTO/c1/2x1x1                ok@SM=[12]  CORRUPT@SM=[]
  id66/64x64/64xAUTO/c3/2x4x1                  ok@SM=[12, 14, 36, 38, 40, 42, 44, 46, 48, 50, 52, 54, 56, 58, 60, 62, 64, 66, 68, 70, 72, 74, 76, 78, 80, 82, 84, 86, 88, 90, 92, 94, 96, 98, 100, 102, 104, 106, 108, 110, 112, 114, 116, 118, 120, 122, 124, 126, 128, 130]  CORRUPT@SM=[]
  id66/64x192/64xAUTO/c1/2x1x1                 ok@SM=[12, 22, 24]  CORRUPT@SM=[]
  id66/352x128/64xAUTO/c2/1x2x1                ok@SM=[12, 24, 48, 50]  CORRUPT@SM=[]
  id66/128x96/64xAUTO/c3/1x2x1                 ok@SM=[12, 22, 24]  CORRUPT@SM=[]
  id66/128x192/64xAUTO/c1/2x1x1                ok@SM=[12, 18, 22, 24, 30, 36, 44, 48, 50, 60]  CORRUPT@SM=[]
  id66/32x192/64xAUTO/c2/1x2x1                 ok@SM=[12, 14]  CORRUPT@SM=[]
  id66/64x384/64xAUTO/c1/2x1x1                 ok@SM=[12]  CORRUPT@SM=[]
  id66/128x192/64xAUTO/c3/1x1x1                ok@SM=[12]  CORRUPT@SM=[]
  id66/64x8/64xAUTO/c1/4x1x1                   ok@SM=[14, 16, 18, 20, 22, 24, 26, 28, 30, 32, 34, 36, 38, 40, 42, 44, 46, 48, 50, 52, 54, 56, 58, 60, 62, 72, 74, 76, 78, 80, 82, 84, 86, 88, 90, 92, 94, 96, 98, 100, 102, 104, 106, 108, 110, 112, 114, 116, 118, 120, 122, 124, 126, 128, 130, 132, 134, 136, 138, 140, 142, 144, 146, 148]  CORRUPT@SM=[]
  id66/32x64/64xAUTO/c-/4x1x1                  ok@SM=[14, 16, 18, 20, 22, 24, 26, 28, 30, 32, 34, 36, 38, 40, 42, 44, 46, 48, 50, 52, 54, 56, 58, 60, 62, 64, 66, 68, 70, 72, 74, 76, 78, 80, 82, 84, 86, 88, 90, 92, 94, 96, 98, 100, 102, 104, 106, 108, 110, 112, 114, 116, 118, 120, 122, 124, 126, 128, 130, 132, 134, 136, 138, 140, 142, 144, 146, 148]  CORRUPT@SM=[]
  id66/128x64/64xAUTO/c1/4x1x1                 ok@SM=[14, 26, 28, 30, 46, 48, 50, 52, 54, 56, 58, 60, 62]  CORRUPT@SM=[]
  id66/160x128/64xAUTO/c2/1x2x1                ok@SM=[14, 26, 28, 56, 58, 60, 62]  CORRUPT@SM=[]
  id66/320x128/64xAUTO/c3/1x2x1                ok@SM=[14]  CORRUPT@SM=[]
  id66/128x64/64xAUTO/c3/1x2x1                 ok@SM=[14, 16, 18, 20, 22, 24, 32, 34, 36, 38, 40, 42, 58, 74, 86]  CORRUPT@SM=[]
  id66/64x32/64xAUTO/c3/1x4x1                  ok@SM=[14, 22, 26, 28, 30, 32, 34, 36, 38, 40, 42, 44, 46, 48, 50, 52, 54, 56, 58, 60, 62, 64, 66, 68, 70, 72, 74, 76, 78, 80, 82, 84, 86, 88, 90, 92, 94, 96, 98, 100, 102, 104, 106, 108, 110, 112, 114, 116, 118, 120, 122, 124, 126, 128, 130, 132, 134, 136, 138, 140, 142, 144, 146, 148]  CORRUPT@SM=[]
  id66/64x128/64xAUTO/c1/2x1x1                 ok@SM=[14, 18, 20, 34, 36, 38, 40, 134, 136]  CORRUPT@SM=[]
  id66/160x256/64xAUTO/c2/1x2x1                ok@SM=[14, 28, 56, 58]  CORRUPT@SM=[]
  id66/128x80/64xAUTO/c1/2x1x1                 ok@SM=[14, 24, 26, 30, 36, 38, 42, 52, 54, 70]  CORRUPT@SM=[]
  id66/128x160/64xAUTO/c1/2x1x1                ok@SM=[14, 26, 28, 30, 38, 42, 52, 54, 56, 58, 62, 70, 72, 74]  CORRUPT@SM=[]
  id66/128x160/64xAUTO/c3/1x1x1                ok@SM=[14]  CORRUPT@SM=[]
  id66/128x32/64xAUTO/c3/2x2x1                 ok@SM=[16, 18, 20, 22, 24, 32, 34, 36, 38, 40, 42, 44, 46, 48, 50, 52, 54, 56, 58, 60, 62]  CORRUPT@SM=[]
  id66/64x16/64xAUTO/c3/1x4x1                  ok@SM=[16, 18, 20, 22, 24, 26, 28, 30, 64, 66, 68, 70, 72, 74, 76, 78, 80, 82, 84, 86, 88, 90, 92, 94, 96, 98, 100, 102, 104, 106, 108, 110, 112, 114, 116, 118, 120, 122, 124, 126, 128, 130, 132, 138, 140, 142, 144, 146, 148]  CORRUPT@SM=[]
  id66/64x32/64xAUTO/c3/2x4x1                  ok@SM=[16, 18, 20, 22, 24, 26, 28, 30, 32, 34, 36, 38, 40, 42, 44, 46, 48, 50, 52, 54, 56, 58, 60, 62, 64, 66, 68, 70, 72, 74, 76, 78, 80, 82, 84, 86, 88, 90, 92, 94, 96, 98, 100, 102, 104, 106, 108, 110, 112, 114, 116, 118, 120, 122, 124, 126, 128, 130, 132, 134, 136, 138, 140, 142, 144, 146, 148]  CORRUPT@SM=[]
  id66/32x256/64xAUTO/c2/4x2x1                 ok@SM=[16, 18, 20, 32]  CORRUPT@SM=[]
  id66/64x256/64xAUTO/c1/2x1x1                 ok@SM=[18, 20]  CORRUPT@SM=[]
  id66/256x192/64xAUTO/c1/2x1x1                ok@SM=[18, 22, 44, 46, 88, 90, 92, 94]  CORRUPT@SM=[]
  id66/64x64/64xAUTO/c1/2x1x1                  ok@SM=[20, 22, 24, 26, 28, 30, 32, 34, 36, 38, 40, 42, 44, 46, 48, 50, 52, 54, 56, 58, 60, 62, 86, 134, 136]  CORRUPT@SM=[]
  id66/224x64/64xAUTO/c2/1x2x1                 ok@SM=[20, 40, 42, 80, 82, 84]  CORRUPT@SM=[]
  id66/448x64/64xAUTO/c3/1x2x1                 ok@SM=[20]  CORRUPT@SM=[]
  id66/128x64/64xAUTO/c3/2x2x1                 ok@SM=[20, 32, 34, 36, 38, 40, 42, 44, 46, 52, 54, 76, 78, 132, 138, 140, 142, 144, 146, 148]  CORRUPT@SM=[]
  id66/192x8/64xAUTO/c3/1x2x1                  ok@SM=[22, 24]  CORRUPT@SM=[]
  id66/192x32/64xAUTO/c3/1x2x1                 ok@SM=[22, 24]  CORRUPT@SM=[]
  id66/64x96/64xAUTO/c1/2x1x1                  ok@SM=[22, 24]  CORRUPT@SM=[]
  id66/96x512/64xAUTO/c2/1x2x1                 ok@SM=[22]  CORRUPT@SM=[]
  id66/96x256/64xAUTO/c2/1x2x1                 ok@SM=[22]  CORRUPT@SM=[]
  id66/128x64/64xAUTO/c3/1x4x1                 ok@SM=[24, 26, 30, 44, 46, 48, 50, 52, 54, 56, 58, 60, 62]  CORRUPT@SM=[]
  id66/192x8/64xAUTO/c3/4x2x1                  ok@SM=[26, 28, 30]  CORRUPT@SM=[]
  id66/192x16/64xAUTO/c3/2x4x1                 ok@SM=[26, 28, 30, 48, 50, 52, 54, 56, 58, 60, 62]  CORRUPT@SM=[]
  id66/64x24/64xAUTO/c3/2x4x1                  ok@SM=[26, 28, 30, 88, 90, 92, 94, 96, 98, 100, 102, 104, 106, 108, 110, 112, 114, 116, 118, 120, 122, 124, 126]  CORRUPT@SM=[]
  id66/192x64/64xAUTO/c3/2x2x1                 ok@SM=[26, 28]  CORRUPT@SM=[]
  id66/64x80/64xAUTO/c1/2x1x1                  ok@SM=[26]  CORRUPT@SM=[]
  id66/32x192/64xAUTO/c2/4x2x1                 ok@SM=[26]  CORRUPT@SM=[]
  id66/128x40/64xAUTO/c3/1x2x1                 ok@SM=[26]  CORRUPT@SM=[]
  id66/160x64/64xAUTO/c2/1x2x1                 ok@SM=[28, 30, 52, 54]  CORRUPT@SM=[]
  id66/320x64/64xAUTO/c3/1x2x1                 ok@SM=[28]  CORRUPT@SM=[]
  id66/64x80/64xAUTO/c3/2x2x1                  ok@SM=[28, 30, 52, 54]  CORRUPT@SM=[]
  id66/128x40/64xAUTO/c3/1x4x1                 ok@SM=[28, 52, 54, 56, 58, 60, 62]  CORRUPT@SM=[]
  id66/128x80/64xAUTO/c3/2x2x1                 ok@SM=[28, 38, 48, 50, 60, 62, 72, 74, 76, 78, 84, 122, 140]  CORRUPT@SM=[]
  id66/128x160/64xAUTO/c3/2x2x1                ok@SM=[28, 56, 58, 76, 78, 80, 82, 84, 112, 114, 116, 118, 120, 122, 124, 126]  CORRUPT@SM=[]
  id66/96x128/64xAUTO/c2/2x2x1                 ok@SM=[28, 54, 56, 58, 60, 62, 120, 122, 124, 126]  CORRUPT@SM=[]
  id66/96x64/64xAUTO/c2/1x2x1                  ok@SM=[30, 44, 46, 118, 120]  CORRUPT@SM=[]
  id66/128x256/64xAUTO/c3/2x2x1                ok@SM=[34, 66, 132, 138, 140, 142, 144, 146, 148]  CORRUPT@SM=[]
  id66/512x128/64xAUTO/c3/2x2x1                ok@SM=[34]  CORRUPT@SM=[]
  id66/160x192/64xAUTO/c2/1x2x1                ok@SM=[40, 78, 80, 82, 84]  CORRUPT@SM=[]
  id66/96x128/64xAUTO/c2/4x2x1                 ok@SM=[40, 62, 96, 98, 100, 102]  CORRUPT@SM=[]
  id66/64x128/64xAUTO/c3/2x2x1                 ok@SM=[42, 44, 46]  CORRUPT@SM=[]
  id66/192x16/64xAUTO/c3/1x4x1                 ok@SM=[44, 46]  CORRUPT@SM=[]
  id66/64x96/64xAUTO/c3/2x2x1                  ok@SM=[44, 46]  CORRUPT@SM=[]
  id66/256x96/64xAUTO/c3/2x2x1                 ok@SM=[46, 62, 88, 90, 92, 94]  CORRUPT@SM=[]
  id66/96x64/64xAUTO/c2/4x2x1                  ok@SM=[48, 50, 52, 54, 56, 58, 60, 62, 96, 98, 100, 102, 104, 106, 108, 110, 112, 114, 116, 118, 120, 122, 124, 126]  CORRUPT@SM=[]
  id66/128x64/64xAUTO/c3/2x4x1                 ok@SM=[48, 50, 52, 54, 56, 58, 60, 62, 64, 66, 68, 70, 72, 74, 76, 78, 80, 82, 84, 86, 128, 130]  CORRUPT@SM=[]
  id66/64x48/64xAUTO/c3/2x4x1                  ok@SM=[48, 50, 52, 54, 56, 58, 60, 62, 88, 90, 92, 94, 96, 98, 100, 102, 104, 106, 108, 110, 112, 114, 116, 118, 120, 122, 124, 126]  CORRUPT@SM=[]
  id66/128x384/64xAUTO/c1/2x1x1                ok@SM=[48, 50, 96, 98, 100]  CORRUPT@SM=[]
  id66/64x96/64xAUTO/c3/2x4x1                  ok@SM=[48, 50]  CORRUPT@SM=[]
  id66/128x192/64xAUTO/c3/2x2x1                ok@SM=[48, 50, 96, 98, 100, 102]  CORRUPT@SM=[]
  id66/64x128/64xAUTO/c3/2x4x1                 ok@SM=[48, 50, 52, 54, 56, 58, 60, 62]  CORRUPT@SM=[]
  id66/384x64/64xAUTO/c3/2x2x1                 ok@SM=[48]  CORRUPT@SM=[]
  id66/128x384/64xAUTO/c3/2x2x1                ok@SM=[50, 102]  CORRUPT@SM=[]
  id66/160x64/64xAUTO/c2/2x2x1                 ok@SM=[56, 58, 60, 62]  CORRUPT@SM=[]
  id66/64x80/64xAUTO/c3/2x4x1                  ok@SM=[56, 58, 60, 62]  CORRUPT@SM=[]
  id66/128x8/64xAUTO/c3/4x2x1                  ok@SM=[62]  CORRUPT@SM=[]
  id66/128x128/64xAUTO/c3/2x2x1                ok@SM=[64, 66, 68, 70, 72, 132, 138, 140, 142, 144, 146, 148]  CORRUPT@SM=[]
  id66/128x256/64xAUTO/c3/2x4x1                ok@SM=[68]  CORRUPT@SM=[]
  id21/64x64/32x6/c-/-                         ok@SM=[72, 74, 76, 78, 80, 82, 84, 86, 88, 90, 92, 94, 96, 98, 100, 102, 104, 106, 108, 110, 112, 114, 116, 118, 120, 122, 124, 126, 128, 130, 132, 134, 136, 138, 140, 142, 144, 146, 148]  CORRUPT@SM=[]
  id66/128x80/64xAUTO/c1/4x1x1                 ok@SM=[72, 74, 104, 106, 108, 110]  CORRUPT@SM=[]
  id66/128x128/64xAUTO/c3/2x4x1                ok@SM=[74, 76, 78, 80, 82, 84, 86, 128, 130]  CORRUPT@SM=[]
  id66/448x64/64xAUTO/c3/1x4x1                 ok@SM=[80, 82, 84]  CORRUPT@SM=[]
  id21/16x16/128x1/c-/-                        ok@SM=[86, 88, 90, 92, 94, 96, 98, 100, 102, 104, 106, 108, 110, 112, 114, 116, 118, 120, 122, 124, 126, 128, 130, 132, 134, 136, 138, 140, 142, 144, 146, 148]  CORRUPT@SM=[]
  id66/64x32/64xAUTO/c1/2x1x1                  ok@SM=[86, 134, 136]  CORRUPT@SM=[]
  id66/160x192/64xAUTO/c2/2x2x1                ok@SM=[86]  CORRUPT@SM=[]
  id66/64x24/64xAUTO/c3/1x2x1                  ok@SM=[86]  CORRUPT@SM=[]
  id66/64x48/64xAUTO/c1/2x1x1                  ok@SM=[86]  CORRUPT@SM=[]
  id66/128x24/64xAUTO/c1/4x1x1                 ok@SM=[88, 90, 92, 94]  CORRUPT@SM=[]
  id66/96x64/64xAUTO/c2/2x2x1                  ok@SM=[88, 90, 92, 94, 120]  CORRUPT@SM=[]
  id66/96x128/64xAUTO/c2/1x4x1                 ok@SM=[88, 90, 92, 94]  CORRUPT@SM=[]
  id66/256x96/64xAUTO/c1/4x1x1                 ok@SM=[88, 90, 92, 94]  CORRUPT@SM=[]
  id66/192x128/64xAUTO/c3/2x4x1                ok@SM=[96, 98, 100, 102]  CORRUPT@SM=[]
  id66/352x64/64xAUTO/c2/1x2x1                 ok@SM=[96, 98, 100, 102]  CORRUPT@SM=[]
  id66/160x128/64xAUTO/c2/1x4x1                ok@SM=[104, 106, 108, 110, 112, 114, 116]  CORRUPT@SM=[]
  id66/64x40/64xAUTO/c3/2x4x1                  ok@SM=[104, 106, 108, 110, 112, 114, 116, 118, 120, 122, 124, 126]  CORRUPT@SM=[]
  id66/128x160/64xAUTO/c1/4x1x1                ok@SM=[104, 106, 108, 110, 112, 114, 116, 118, 120, 122, 124, 126]  CORRUPT@SM=[]
  id66/128x40/64xAUTO/c1/4x1x1                 ok@SM=[112, 114, 116, 118, 120, 122, 124, 126]  CORRUPT@SM=[]
  id66/128x80/64xAUTO/c3/4x2x1                 ok@SM=[112, 114, 116, 118, 120, 124, 126]  CORRUPT@SM=[]
  id66/192x96/64xAUTO/c3/1x1x1                 ok@SM=[122, 124, 126]  CORRUPT@SM=[]
  id66/96x192/64xAUTO/c2/1x1x1                 ok@SM=[122, 124, 126]  CORRUPT@SM=[]
  id66/192x192/64xAUTO/c3/1x1x1                ok@SM=[122, 124, 126]  CORRUPT@SM=[]
  id66/64x40/64xAUTO/c1/4x1x1                  ok@SM=[126]  CORRUPT@SM=[]
  id66/256x128/64xAUTO/c3/2x4x1                ok@SM=[128, 130]  CORRUPT@SM=[]
  id66/64x16/64xAUTO/c3/2x2x1                  ok@SM=[132, 138, 140, 142, 144, 146, 148]  CORRUPT@SM=[]
  id66/32x64/64xAUTO/c2/2x2x1                  ok@SM=[132, 138, 140, 142, 144, 146, 148]  CORRUPT@SM=[]
  id66/64x8/64xAUTO/c3/1x2x1                   ok@SM=[134, 136]  CORRUPT@SM=[]
  id66/64x16/64xAUTO/c3/1x2x1                  ok@SM=[134, 136]  CORRUPT@SM=[]
  id66/160x192/64xAUTO/c2/1x1x1                ok@SM=[144, 146, 148]  CORRUPT@SM=[]
