gpu=NVIDIA H200 cc=9.0 torch=2.14.1+cu130  shapes per dtype=112
 pct   SM   fp32   fp16   bf16  corrupted algorithm configs (algoId/tile/stages/customOption/clusterShape)
   1    8      0      0      0  
   2    8      0      0      0  
   3    8      0      0      0  
   4    8      0      0      0  
   5    8      0      0      0  
   6    8      0      0      0  
   7    8      0      0      0  
   8   10      0      0      0  
   9   10      0      0      0  
  10   12      0      0      0  
  11   14      0      0      0  
  12   14      0      0      0  
  13   16      0      0      0  
  14   18      0      0      0  
  15   18      0      0      0  
  16   20      0      0      0  
  17   22      0      0      0  
  18   22      0      0      0  
  19   24      0      0      0  
  20   26      0      0      0  
  21   26      0      0      0  
  22   28      0      0      0  
  23   30      0      0      0  
  24   30      0      0      0  
  25   32      0      0      0  
  26   34      0      0      0  
  27   34      0      0      0  
  28   36      0      0      0  
  29   38      0      0      0  
  30   38      0      0      0  
  31   40      0      0      0  
  32   42      0      0      0  
  33   42      0      0      0  
  34   44      0      0      0  
  35   46      0      0      0  
  36   46      0      0      0  
  37   48      0      0      0  
  38   50      0      0      0  
  39   50      0      0      0  
  40   52      0      0      0  
  41   54      0      0      0  
  42   54      0      0      0  
  43   56      0      0      0  
  44   58      0      0      0  
  45   58      0      0      0  
  46   60      0      0      0  
  47   62      0      0      0  
  48   62      0      0      0  
  49   64      0      0      0  
  50   66      0      0      0  
  51   66      0      0      0  
  52   68      0      0      0  
  53   68      0      0      0  
  54   70      0      0      0  
  55   72      0      0      0  
  56   72      0      0      0  
  57   74      0      0      0  
  58   76      0      0      0  
  59   76      0      0      0  
  60   78      0      0      0  
  61   80      0      0      0  
  62   80      0      0      0  
  63   82      0      0      0  
  64   84      0      0      0  
  65   84      0      0      0  
  66   86      0      0      0  
  67   88      0      0      0  
  68   88      0      0      0  
  69   90      0      0      0  
  70   92      0      0      0  
  71   92      0      0      0  
  72   94      0      0      0  
  73   96      0      0      0  
  74   96      0      0      0  
  75   98      0      0      0  
  76  100      0      0      0  
  77  100      0      0      0  
  78  102      0      0      0  
  79  104      0      0      0  
  80  104      0      0      0  
  81  106      0      0      0  
  82  108      0      0      0  
  83  108      0      0      0  
  84  110      0      0      0  
  85  112      0      0      0  
  86  112      0      0      0  
  87  114      0      0      0  
  88  116      0      0      0  
  89  116      0      0      0  
  90  118      0      0      0  
  91  120      0      0      0  
  92  120      0      0      0  
  93  122      0      0      0  
  94  124      0      0      0  
  95  124      0      0      0  
  96  126      0      0      0  
  97  128      0      0      0  
  98  128      0      0      0  
  99  130      0      0      0  
 100  132      0      0      0  

SM counts with corruption: []
SM counts clean          : [8, 10, 12, 14, 16, 18, 20, 22, 24, 26, 28, 30, 32, 34, 36, 38, 40, 42, 44, 46, 48, 50, 52, 54, 56, 58, 60, 62, 64, 66, 68, 70, 72, 74, 76, 78, 80, 82, 84, 86, 88, 90, 92, 94, 96, 98, 100, 102, 104, 106, 108, 110, 112, 114, 116, 118, 120, 122, 124, 126, 128, 130, 132]
